50.626 49.730 50.573
54.635 50.420 53.741
60.184 49.419 54.574
65.295 47.868 51.793
68.530 45.722 46.789
69.150 45.179 41.392
67.463 47.074 35.969
63.884 49.282 30.858
64.755 50.731 26.311
59.474 46.418 23.818
60.976 41.853 26.874
65.498 40.095 30.251
71.499 42.582 32.585
76.463 45.227 33.560
81.804 57.491 38.803
81.705 59.935 32.855
79.212 62.270 27.169
76.960 61.541 23.213
76.122 55.607 20.624
75.571 49.404 18.784
75.691 43.814 17.170
72.660 39.699 15.392
62.860 40.709 10.569
61.715 44.551 6.429
64.134 46.810 1.715
69.148 46.986 -1.875
74.530 45.886 -4.075
76.971 35.962 -6.783
69.287 35.959 -8.637
66.113 36.647 -4.115
69.075 33.984 6.915
80.313 42.447 9.767
79.705 47.861 9.545
76.348 53.024 9.953
71.830 56.434 11.191
66.470 57.914 13.620
61.607 57.698 23.777
65.235 59.648 28.260
62.421 58.828 32.744
60.854 63.992 34.167
61.706 68.803 37.121
65.414 71.746 40.572
79.893 73.323 40.427
76.379 72.458 36.349
72.617 61.530 31.733
71.267 59.539 36.803
74.243 55.584 41.447
72.777 57.319 46.334
68.913 58.881 49.918
63.129 59.542 50.943
58.068 58.186 49.152
54.074 55.782 45.410
51.950 52.180 41.620
52.371 46.894 38.917
54.151 41.542 38.559
56.232 37.065 41.726
57.514 33.856 46.509
57.094 33.402 52.426
54.383 35.178 57.550
49.934 37.680 60.030
44.492 38.295 59.994
40.334 35.770 58.330
